0.029025
0.754649
48.000000	0.754649	1.300317
48.000000	1.300317	1.555737
52.000000	1.555737	1.753107
55.000000	1.753107	1.950476
48.000000	1.950476	2.159456
52.000000	2.159456	2.368435
55.000000	2.368435	2.577415
49.000000	2.577415	2.798005
45.000000	2.798005	2.983764
48.000000	2.983764	3.198549
52.000000	3.198549	3.419138
45.000000	3.419138	3.616508
48.000000	3.616508	3.825488
52.000000	3.825488	4.040272
50.000000	4.040272	4.237642
45.000000	4.237642	4.452426
48.000000	4.452426	4.661406
52.000000	4.661406	4.870385
45.000000	4.870385	5.079365
48.000000	5.079365	5.305760
52.000000	5.305760	5.503129
5.700499
45.000000	5.700499	5.892063
48.000000	5.892063	6.112653
52.000000	6.112653	6.321633
45.000000	6.321633	6.519002
48.000000	6.519002	6.739592
52.000000	6.739592	6.942766
50.000000	6.942766	7.163356
45.000000	7.163356	7.372336
48.000000	7.372336	7.569705
52.000000	7.569705	7.784490
45.000000	7.784490	7.987664
48.000000	7.987664	8.202449
52.000000	8.202449	8.399819
50.000000	8.399819	8.614603
48.000000	8.614603	8.811973
52.000000	8.811973	9.038367
55.000000	9.038367	9.241542
48.000000	9.241542	9.456327
52.000000	9.456327	9.665306
55.000000	9.665306	9.891701
50.000000	9.891701	9.990385
1.827574
2.389048
2.950499
3.353152
3.757347
4.161565
4.815760
5.224218
5.632698
6.269320
6.679116
7.088912
7.948163
8.565601
9.187642
9.598639


